data;
set V := 1..20;
set A := (7, 3) (18, 19) (15, 4) (3, 2) (20, 14) (10, 14) (8, 18) (11, 15) (9, 19) (12, 8) (3, 11) (4, 12) (5, 1) (17, 6) (10, 9) (9, 20) (15, 10) (4, 11) (4, 17) (16, 20) (19, 1) (11, 19) (6, 18) (19, 6) (17, 10) (20, 1) (18, 17) (9, 6) (10, 5) (14, 7) (12, 19) (1, 18) (15, 6) (4, 7) (5, 6) (16, 2) (19, 15) (17, 3) (20, 8) (8, 14) (10, 12) (8, 20) (9, 17) (12, 10) (13, 11) (3, 13) (1, 13) (4, 14) (2, 10) (5, 15) (4, 20) (19, 20) (17, 4) (7, 9) (18, 3) (11, 6) (10, 17) (15, 20) (1, 6) (2, 5) (5, 18) (9, 3) (3, 1) (16, 13) (20, 3) (11, 10) (12, 13) (1, 16) (4, 1) (5, 4) (19, 17) (17, 1) (7, 18) (12, 4) (10, 20) (15, 9) (3, 15) (1, 3) (2, 8) (5, 13) (6, 2) (7, 11) (20, 17) (18, 1) (16, 17) (2, 3) (6, 5) (16, 8) (19, 5) (8, 4) (9, 1) (12, 16) (16, 15) (19, 10) (20, 13) (18, 13) (8, 11) (10, 1) (12, 15) (13, 14) (5, 2) (17, 7) (7, 12) (10, 8) (11, 5) (15, 11) (13, 7) (4, 10) (5, 11) (4, 16) (7, 5) (20, 19) (16, 19) (2, 1) (7, 2) (19, 7) (17, 11) (18, 16) (9, 7) (10, 4) (11, 9) (12, 18) (1, 19) (15, 7) (3, 5) (16, 1) (6, 20) (17, 12) (7, 17) (20, 15) (18, 11) (9, 8) (10, 15) (9, 18) (12, 9) (13, 12) (2, 19) (3, 10) (4, 13) (2, 13) (6, 15) (17, 5) (1, 7) (2, 4) (4, 18) (5, 19) (15, 18) (11, 18) (6, 19) (17, 9) (20, 2) (9, 5) (10, 2) (14, 4) (6, 10) (18, 9) (10, 13) (9, 16) (15, 14) (13, 10) (2, 17) (4, 15) (2, 11) (3, 18) (6, 13) (20, 16) (12, 2) (6, 4) (7, 1) (5, 17) (19, 2) (20, 5) (8, 3) (9, 2) (11, 20) (16, 14) (17, 15) (7, 20) (18, 12) (9, 11) (8, 16) (14, 10) (15, 3) (2, 20) (1, 9) (2, 14) (5, 3) (16, 5) (6, 8) (7, 13) (18, 7) (9, 12) (14, 13) (12, 5) (3, 14) (1, 2) (4, 9) (2, 9) (3, 20) (6, 3) (7, 10) (17, 19) (11, 17);

param s := 1;
param t := 20;
param K := 40;

param c [7,3] 26 [18,19] 8 [15,4] 20 [3,2] 5 [20,14] 5 [10,14] 28 [8,18] 23 [11,15] 39 [9,19] 14 [12,8] 27 [3,11] 19 [4,12] 15 [5,1] 15 [17,6] 25 [10,9] 5 [9,20] 10 [15,10] 16 [4,11] 33 [4,17] 10 [16,20] 19 [19,1] 4 [11,19] 17 [6,18] 10 [19,6] 21 [17,10] 19 [20,1] 32 [18,17] 14 [9,6] 36 [10,5] 5 [14,7] 25 [12,19] 40 [1,18] 19 [15,6] 24 [4,7] 7 [5,6] 13 [16,2] 37 [19,15] 37 [17,3] 32 [20,8] 18 [8,14] 28 [10,12] 32 [8,20] 18 [9,17] 17 [12,10] 33 [13,11] 14 [3,13] 22 [1,13] 29 [4,14] 25 [2,10] 15 [5,15] 14 [4,20] 11 [19,20] 18 [17,4] 31 [7,9] 11 [18,3] 31 [11,6] 13 [10,17] 4 [15,20] 38 [1,6] 7 [2,5] 8 [5,18] 28 [9,3] 32 [3,1] 25 [16,13] 27 [20,3] 9 [11,10] 15 [12,13] 4 [1,16] 10 [4,1] 34 [5,4] 37 [19,17] 32 [17,1] 4 [7,18] 33 [12,4] 33 [10,20] 9 [15,9] 7 [3,15] 9 [1,3] 16 [2,8] 29 [5,13] 29 [6,2] 27 [7,11] 22 [20,17] 26 [18,1] 27 [16,17] 36 [2,3] 22 [6,5] 4 [16,8] 30 [19,5] 21 [8,4] 21 [9,1] 19 [12,16] 13 [16,15] 29 [19,10] 5 [20,13] 11 [18,13] 26 [8,11] 5 [10,1] 19 [12,15] 12 [13,14] 9 [5,2] 21 [17,7] 26 [7,12] 19 [10,8] 13 [11,5] 16 [15,11] 26 [13,7] 14 [4,10] 9 [5,11] 40 [4,16] 35 [7,5] 33 [20,19] 18 [16,19] 12 [2,1] 9 [7,2] 34 [19,7] 8 [17,11] 32 [18,16] 22 [9,7] 20 [10,4] 26 [11,9] 10 [12,18] 20 [1,19] 40 [15,7] 27 [3,5] 37 [16,1] 23 [6,20] 6 [17,12] 23 [7,17] 21 [20,15] 21 [18,11] 33 [9,8] 15 [10,15] 20 [9,18] 5 [12,9] 34 [13,12] 5 [2,19] 14 [3,10] 28 [4,13] 14 [2,13] 31 [6,15] 5 [17,5] 31 [1,7] 35 [2,4] 28 [4,18] 10 [5,19] 25 [15,18] 26 [11,18] 37 [6,19] 19 [17,9] 14 [20,2] 7 [9,5] 34 [10,2] 13 [14,4] 10 [6,10] 35 [18,9] 10 [10,13] 19 [9,16] 14 [15,14] 5 [13,10] 21 [2,17] 19 [4,15] 36 [2,11] 37 [3,18] 6 [6,13] 25 [20,16] 39 [12,2] 31 [6,4] 9 [7,1] 37 [5,17] 32 [19,2] 34 [20,5] 25 [8,3] 20 [9,2] 5 [11,20] 13 [16,14] 17 [17,15] 22 [7,20] 10 [18,12] 19 [9,11] 11 [8,16] 38 [14,10] 37 [15,3] 13 [2,20] 35 [1,9] 34 [2,14] 12 [5,3] 23 [16,5] 33 [6,8] 9 [7,13] 27 [18,7] 8 [9,12] 4 [14,13] 4 [12,5] 24 [3,14] 17 [1,2] 21 [4,9] 26 [2,9] 14 [3,20] 11 [6,3] 17 [7,10] 5 [17,19] 24 [11,17] 36;
param w [7,3] 6 [18,19] 15 [15,4] 7 [3,2] 8 [20,14] 10 [10,14] 14 [8,18] 17 [11,15] 17 [9,19] 16 [12,8] 16 [3,11] 5 [4,12] 12 [5,1] 12 [17,6] 16 [10,9] 19 [9,20] 15 [15,10] 10 [4,11] 17 [4,17] 18 [16,20] 7 [19,1] 8 [11,19] 13 [6,18] 19 [19,6] 12 [17,10] 14 [20,1] 5 [18,17] 8 [9,6] 8 [10,5] 12 [14,7] 15 [12,19] 18 [1,18] 17 [15,6] 14 [4,7] 14 [5,6] 20 [16,2] 11 [19,15] 13 [17,3] 7 [20,8] 10 [8,14] 13 [10,12] 8 [8,20] 5 [9,17] 13 [12,10] 6 [13,11] 18 [3,13] 5 [1,13] 15 [4,14] 7 [2,10] 15 [5,15] 16 [4,20] 15 [19,20] 8 [17,4] 17 [7,9] 12 [18,3] 20 [11,6] 8 [10,17] 17 [15,20] 13 [1,6] 16 [2,5] 6 [5,18] 12 [9,3] 20 [3,1] 5 [16,13] 13 [20,3] 11 [11,10] 16 [12,13] 10 [1,16] 15 [4,1] 7 [5,4] 15 [19,17] 5 [17,1] 12 [7,18] 19 [12,4] 12 [10,20] 7 [15,9] 12 [3,15] 11 [1,3] 11 [2,8] 18 [5,13] 8 [6,2] 12 [7,11] 15 [20,17] 20 [18,1] 13 [16,17] 20 [2,3] 7 [6,5] 8 [16,8] 17 [19,5] 6 [8,4] 12 [9,1] 19 [12,16] 10 [16,15] 5 [19,10] 13 [20,13] 7 [18,13] 6 [8,11] 16 [10,1] 20 [12,15] 13 [13,14] 15 [5,2] 13 [17,7] 6 [7,12] 13 [10,8] 13 [11,5] 15 [15,11] 15 [13,7] 10 [4,10] 13 [5,11] 9 [4,16] 9 [7,5] 17 [20,19] 14 [16,19] 17 [2,1] 9 [7,2] 15 [19,7] 15 [17,11] 20 [18,16] 8 [9,7] 15 [10,4] 12 [11,9] 15 [12,18] 18 [1,19] 13 [15,7] 13 [3,5] 15 [16,1] 8 [6,20] 7 [17,12] 19 [7,17] 13 [20,15] 19 [18,11] 17 [9,8] 10 [10,15] 19 [9,18] 5 [12,9] 18 [13,12] 16 [2,19] 5 [3,10] 9 [4,13] 15 [2,13] 17 [6,15] 12 [17,5] 7 [1,7] 14 [2,4] 18 [4,18] 12 [5,19] 6 [15,18] 6 [11,18] 11 [6,19] 14 [17,9] 6 [20,2] 6 [9,5] 12 [10,2] 17 [14,4] 8 [6,10] 17 [18,9] 7 [10,13] 19 [9,16] 12 [15,14] 7 [13,10] 14 [2,17] 12 [4,15] 5 [2,11] 13 [3,18] 15 [6,13] 8 [20,16] 20 [12,2] 14 [6,4] 13 [7,1] 5 [5,17] 20 [19,2] 10 [20,5] 9 [8,3] 11 [9,2] 10 [11,20] 11 [16,14] 20 [17,15] 14 [7,20] 20 [18,12] 15 [9,11] 20 [8,16] 17 [14,10] 12 [15,3] 17 [2,20] 11 [1,9] 18 [2,14] 18 [5,3] 17 [16,5] 14 [6,8] 8 [7,13] 6 [18,7] 19 [9,12] 13 [14,13] 19 [12,5] 10 [3,14] 16 [1,2] 12 [4,9] 8 [2,9] 20 [3,20] 18 [6,3] 19 [7,10] 18 [17,19] 5 [11,17] 13;

end;
